{
    "matrices_as_column_major": true,
    "objects": [
        {
            "name": "kill_z.001",
            "position": [
                0.0,
                0.0,
                0.0
            ],
            "properties": {},
            "size": [
                1.0,
                1.0,
                1.0
            ],
            "transform": [
                1.0,
                0.0,
                0.0,
                0.0,
                0.0,
                1.0,
                0.0,
                0.0,
                0.0,
                0.0,
                1.0,
                0.0,
                0.0,
                0.0,
                0.0,
                1.0
            ],
            "transform_without_scale": [
                1.0,
                0.0,
                0.0,
                0.0,
                0.0,
                1.0,
                0.0,
                0.0,
                0.0,
                0.0,
                1.0,
                0.0,
                0.0,
                0.0,
                0.0,
                1.0
            ],
            "type": "PLAIN_AXES"
        },
        {
            "name": "spawn.001",
            "position": [
                1.1920928955078125e-07,
                0.0,
                154.95533752441406
            ],
            "properties": {},
            "size": [
                1.0,
                1.0,
                1.0
            ],
            "transform": [
                1.0,
                0.0,
                0.0,
                0.0,
                0.0,
                1.0,
                0.0,
                0.0,
                0.0,
                0.0,
                1.0,
                0.0,
                1.1920928955078125e-07,
                0.0,
                154.95533752441406,
                1.0
            ],
            "transform_without_scale": [
                1.0,
                0.0,
                0.0,
                0.0,
                0.0,
                1.0,
                0.0,
                0.0,
                0.0,
                0.0,
                1.0,
                0.0,
                1.1920928955078125e-07,
                0.0,
                154.95533752441406,
                1.0
            ],
            "type": "PLAIN_AXES"
        }
    ],
    "paths": [],
    "trigger_areas": [
        {
            "name": "goal.003",
            "position": [
                -5.948064804077148,
                -11.632431030273438,
                13.21649169921875
            ],
            "properties": {},
            "size": [
                1.0,
                1.0,
                1.0
            ],
            "transform": [
                0.8696510195732117,
                0.36537766456604004,
                -0.3319733440876007,
                0.0,
                -0.08775072544813156,
                0.7761666178703308,
                0.6243918538093567,
                0.0,
                0.4858054518699646,
                -0.5138720870018005,
                0.7070562243461609,
                0.0,
                -5.948064804077148,
                -11.632431030273438,
                13.21649169921875,
                1.0
            ],
            "transform_without_scale": [
                0.8696510195732117,
                0.36537766456604004,
                -0.3319733440876007,
                0.0,
                -0.08775072544813156,
                0.7761666178703308,
                0.6243918538093567,
                0.0,
                0.4858054518699646,
                -0.5138720870018005,
                0.7070562243461609,
                0.0,
                -5.948064804077148,
                -11.632431030273438,
                13.21649169921875,
                1.0
            ],
            "type": "SPHERE"
        },
        {
            "name": "goal.003",
            "position": [
                11.63243293762207,
                -5.948060989379883,
                13.21649169921875
            ],
            "properties": {},
            "size": [
                1.0,
                1.0,
                0.9999999403953552
            ],
            "transform": [
                -0.09373432397842407,
                0.9880505800247192,
                0.12235154211521149,
                0.0,
                -0.7960913181304932,
                -0.14818206429481506,
                0.5867543816566467,
                0.0,
                0.597873330116272,
                -0.042403969913721085,
                0.8004682064056396,
                0.0,
                11.63243293762207,
                -5.948060989379883,
                13.21649169921875,
                1.0
            ],
            "transform_without_scale": [
                -0.09373432397842407,
                0.9880505800247192,
                0.12235154211521149,
                0.0,
                -0.7960913181304932,
                -0.14818206429481506,
                0.5867543816566467,
                0.0,
                0.597873330116272,
                -0.042403969913721085,
                0.8004682064056396,
                0.0,
                11.63243293762207,
                -5.948060989379883,
                13.21649169921875,
                1.0
            ],
            "type": "SPHERE"
        },
        {
            "name": "goal.003",
            "position": [
                5.94805908203125,
                11.632434844970703,
                13.21649169921875
            ],
            "properties": {},
            "size": [
                1.0,
                1.0,
                1.0
            ],
            "transform": [
                -0.7408428192138672,
                0.3426614999771118,
                0.5776980519294739,
                0.0,
                0.08355182409286499,
                -0.8063873648643494,
                0.5854558348655701,
                0.0,
                0.6664615869522095,
                0.4819984436035156,
                0.5687763094902039,
                0.0,
                5.94805908203125,
                11.632434844970703,
                13.21649169921875,
                1.0
            ],
            "transform_without_scale": [
                -0.7408428192138672,
                0.3426614999771118,
                0.5776980519294739,
                0.0,
                0.08355182409286499,
                -0.8063873648643494,
                0.5854558348655701,
                0.0,
                0.6664615869522095,
                0.4819984436035156,
                0.5687763094902039,
                0.0,
                5.94805908203125,
                11.632434844970703,
                13.21649169921875,
                1.0
            ],
            "type": "SPHERE"
        }
    ]
}